hpx: 0
hpy: 0  
hpz: 0  
hox: 0  
hoy: 0  
hoz: 0  
how: 1

opx: -3.2188
opy: 1.9126
opz: 0
oox: 0  
ooy: 0
ooz: 0.93778  
oow: -0.34722