px1: 2.9
py1: 5.14
pz1: 0
ox1: 0 
oy1: 0
oz1: 0.7122
ow1: 0.7019

px2: 1.3
py2: 6.2974
pz2: 0
ox2: 0  
oy2: 0  
oz2: 0.9998
ow2: 0.0017

px3: 1.3
py3: 4.8266
pz3: 0
ox3: 0  
oy3: 0
oz3: 0.9998
ow3: 0.0017

px4: 1.2
py4: 2.4327
pz4: 0  
ox4: 0  
oy4: 0  
oz4: 0.95433
ow4: 0.29875

px5: 1.2
py5: 2.4327
pz5: 0  
ox5: 0  
oy5: 0  
oz5: 0.94234
ow5: -0.33466

px6: 3.0
py6: 3.65
pz6: 0  
ox6: 0  
oy6: 0  
oz6: 0.13994
ow6: 0.99016

opx: 5.3165
opy: 5.821
opz: 0  
oox: 0  
ooy: 0  
ooz: 0.70674
oow: 0.70747

hpx: 0
hpy: 0  
hpz: 0  
hox: 0  
hoy: 0  
hoz: 0  
how: 1

dpx1: 5.2789
dpy1: 2.4302
dpz1: 0  
dox1: 0  
doy1: 0  
doz1: 0.9997
dow1: 0.022

dpx2: 5.3167
dpy2: 5.8174
dpz2: 0  
dox2: 0  
doy2: 0  
doz2: 0.9997
dow2: 0.022

TURNING_SPEED: 1.4
TURNING_TIME: 1.7