px1: -2.7
py1: 4.0377
pz1: 0
ox1: 0 
oy1: 0
oz1: 0.9998
ow1: 0.020036

px2: -3.8551
py2: 2.8839
pz2: 0
ox2: 0  
oy2: 0  
oz2: -0.71405
ow2: 0.70009

px3: -2.522
py3: 2.5065
pz3: 0
ox3: 0  
oy3: 0
oz3: -0.71643
ow3: 0.69766

px4: -0.4692
py4: 2.711
pz4: 0  
ox4: 0  
oy4: 0  
oz4: 0.943
ow4: -0.335

px5: -0.4692
py5: 2.711
pz5: 0  
ox5: 0  
oy5: 0  
oz5: -0.4767
ow5: 0.87906

px6: -0.4602
py6: 3.7283
pz6: 0  
ox6: 0  
oy6: 0  
oz6: 0.9982
ow6: 0.018998

opx: -4.1726
opy: 5.6206
opz: 0  
oox: 0  
ooy: 0  
ooz: 0.99861
oow: 0.052624

hpx: 0
hpy: 0  
hpz: 0  
hox: 0  
hoy: 0  
hoz: 0  
how: 1

TURNING_SPEED: 1.4
TURNING_TIME: 1.7